{
 "cells": [
  {
   "cell_type": "markdown",
   "id": "b638f3f8",
   "metadata": {},
   "source": [
    "# Carga de datos"
   ]
  },
  {
   "cell_type": "code",
   "execution_count": 1,
   "id": "3ade6a04",
   "metadata": {},
   "outputs": [
    {
     "name": "stdout",
     "output_type": "stream",
     "text": [
      "   LocationID  ClientID   Latitude  Longitude  Demand   TimeWindow\n",
      "0           2         1  12.341057 -71.723837    25.0  13:05-14:05\n",
      "1           3         2  12.310993 -71.719252     9.0  13:15-14:15\n",
      "2           4         3  12.326781 -71.668190    18.0  10:00-10:60\n",
      "3           5         4  12.330562 -71.694530    22.0  12:45-13:45\n",
      "4           6         5  12.346781 -71.708920    13.0  14:35-15:35\n",
      "   LocationID  Latitude  Longitude\n",
      "0           1  12.31846 -71.716203\n",
      "   VehicleID   Type  Capacity  Range  Speed\n",
      "0          1    4x4     200.0  804.0    NaN\n",
      "1          2  drone      25.0  480.0  135.0\n",
      "2          3  drone      25.0  480.0  135.0\n"
     ]
    }
   ],
   "source": [
    "import pandas as pd\n",
    "\n",
    "\n",
    "clients = pd.read_csv(\"datos/caso_3/clients.csv\")\n",
    "depots = pd.read_csv(\"datos/caso_3/depots.csv\")\n",
    "depots = depots.drop(columns=[\"DepotID\"])\n",
    "vehicles = pd.read_csv(\"datos/caso_3/vehicles.csv\")\n",
    "\n",
    "\n",
    "print(clients.head())\n",
    "print(depots.head())\n",
    "print(vehicles.head())"
   ]
  },
  {
   "cell_type": "markdown",
   "id": "73317d22",
   "metadata": {},
   "source": [
    "# Aux"
   ]
  },
  {
   "cell_type": "code",
   "execution_count": 2,
   "id": "900d40e6",
   "metadata": {},
   "outputs": [],
   "source": [
    "from haversine import haversine\n",
    "\n",
    "def haversine_distance(coord1, coord2):\n",
    "    \"\"\"\n",
    "    Calculate the haversine distance between two coordinates.\n",
    "    :param coord1: Tuple of (latitude, longitude) for the first coordinate.\n",
    "    :param coord2: Tuple of (latitude, longitude) for the second coordinate.\n",
    "    :return: Distance in kilometers.\n",
    "    \"\"\"\n",
    "    return haversine(coord1, coord2)"
   ]
  },
  {
   "cell_type": "code",
   "execution_count": 3,
   "id": "d4b3b651",
   "metadata": {},
   "outputs": [
    {
     "name": "stdout",
     "output_type": "stream",
     "text": [
      "Nodos: [0, 1, 2, 3, 4, 5, 6, 7, 8, 9, 10, 11, 12, 13, 14, 15, 16, 17, 18, 19, 20, 21, 22]\n",
      "Clientes: [6, 7, 8, 9, 10, 11, 12, 13, 14, 15, 16, 17, 18, 19, 20, 21, 22]\n",
      "Vehículos: [1, 2, 3]\n",
      "Capacidades: {1: 200.0, 2: 25.0, 3: 25.0}\n",
      "Alcances: {1: 804.0, 2: 480.0, 3: 480.0}\n",
      "Demanda: {0: 0.0, 1: 0.0, 2: 0.0, 3: 0.0, 4: 0.0, 5: 0.0, 6: 25.0, 7: 9.0, 8: 18.0, 9: 22.0, 10: 13.0, 11: 4.0, 12: 5.0, 13: 10.0, 14: 9.0, 15: 9.0, 16: 10.0, 17: 24.0, 18: 12.0, 19: 15.0, 20: 30.0, 21: 34.0, 22: 32.0}\n",
      "latlon [(12.318460239849047, -71.71620272777695), (12.318460239849047, -71.71620272777695), (12.318460239849047, -71.71620272777695), (12.318460239849047, -71.71620272777695), (12.318460239849047, -71.71620272777695), (12.318460239849047, -71.71620272777695), (12.341057283841172, -71.72383742283766), (12.31099305645978, -71.71925230381949), (12.32678082553054, -71.66818980959306), (12.330562, -71.69453), (12.346781, -71.70892), (12.315673, -71.74231), (12.298345, -71.72056), (12.322089, -71.68234), (12.305627, -71.70123), (12.337812, -71.73567), (12.313405, -71.6789), (12.319872, -71.72789), (12.332456, -71.71234), (12.347123, -71.69876), (12.32584376258751, -71.75790167188727), (12.337384051323127, -71.72085928121443), (12.339125902536002, -71.75834322791852)]\n",
      "Distancias haversine: [[10000, 10000, 10000, 10000, 10000, 10000, 2.6460156136442086, 0.8939676310528504, 5.297225516436313, 2.7117919513959223, 3.2469801551989947, 2.853062803773772, 2.286258252502494, 3.7007159765502537, 2.1638264166936545, 3.017034500589548, 4.09122210638574, 1.2793115441928986, 1.6118380906647236, 3.707855910397704, 4.6037019829014465, 2.1641821877839176, 5.122134952737048], [10000, 10000, 10000, 10000, 10000, 10000, 2.6460156136442086, 0.8939676310528504, 5.297225516436313, 2.7117919513959223, 3.2469801551989947, 2.853062803773772, 2.286258252502494, 3.7007159765502537, 2.1638264166936545, 3.017034500589548, 4.09122210638574, 1.2793115441928986, 1.6118380906647236, 3.707855910397704, 4.6037019829014465, 2.1641821877839176, 5.122134952737048], [10000, 10000, 10000, 10000, 10000, 10000, 2.6460156136442086, 0.8939676310528504, 5.297225516436313, 2.7117919513959223, 3.2469801551989947, 2.853062803773772, 2.286258252502494, 3.7007159765502537, 2.1638264166936545, 3.017034500589548, 4.09122210638574, 1.2793115441928986, 1.6118380906647236, 3.707855910397704, 4.6037019829014465, 2.1641821877839176, 5.122134952737048], [10000, 10000, 10000, 10000, 10000, 10000, 2.6460156136442086, 0.8939676310528504, 5.297225516436313, 2.7117919513959223, 3.2469801551989947, 2.853062803773772, 2.286258252502494, 3.7007159765502537, 2.1638264166936545, 3.017034500589548, 4.09122210638574, 1.2793115441928986, 1.6118380906647236, 3.707855910397704, 4.6037019829014465, 2.1641821877839176, 5.122134952737048], [10000, 10000, 10000, 10000, 10000, 10000, 2.6460156136442086, 0.8939676310528504, 5.297225516436313, 2.7117919513959223, 3.2469801551989947, 2.853062803773772, 2.286258252502494, 3.7007159765502537, 2.1638264166936545, 3.017034500589548, 4.09122210638574, 1.2793115441928986, 1.6118380906647236, 3.707855910397704, 4.6037019829014465, 2.1641821877839176, 5.122134952737048], [10000, 10000, 10000, 10000, 10000, 10000, 2.6460156136442086, 0.8939676310528504, 5.297225516436313, 2.7117919513959223, 3.2469801551989947, 2.853062803773772, 2.286258252502494, 3.7007159765502537, 2.1638264166936545, 3.017034500589548, 4.09122210638574, 1.2793115441928986, 1.6118380906647236, 3.707855910397704, 4.6037019829014465, 2.1641821877839176, 5.122134952737048], [2.6460156136442086, 2.6460156136442086, 2.6460156136442086, 2.6460156136442086, 2.6460156136442086, 2.6460156136442086, 10000, 3.3798970171222975, 6.249893219548769, 3.3907618330514926, 1.74090620688192, 3.463225368595822, 4.762722549429839, 4.976879911736769, 4.64247023381669, 1.3350248870483945, 5.769275867728755, 2.3964814369966314, 1.5730798740480494, 2.806279632051908, 4.06870977335726, 0.5210403336823097, 3.754377075597851], [0.8939676310528504, 0.8939676310528504, 0.8939676310528504, 0.8939676310528504, 0.8939676310528504, 0.8939676310528504, 3.3798970171222975, 10000, 5.818325467027477, 3.4565512802013982, 4.134702230614017, 2.558405371370775, 1.4135590646120721, 4.195519541492787, 2.046829817998033, 3.474764165199755, 4.391974407044112, 1.3620881071957003, 2.5019189430015087, 4.592990986344139, 4.51173503483299, 2.9397366153369524, 5.274364530114965], [5.297225516436313, 5.297225516436313, 5.297225516436313, 5.297225516436313, 5.297225516436313, 5.297225516436313, 6.249893219548769, 5.818325467027477, 10000, 2.892081166633241, 4.951896737365072, 8.146145014596819, 6.508965555916536, 1.6232912884478288, 4.291422124217563, 7.4322436626580135, 1.888347996813187, 6.530752825655824, 4.8373907570675705, 4.017941952024705, 9.7461154614992, 5.841670733553244, 9.88901505036579], [2.7117919513959223, 2.7117919513959223, 2.7117919513959223, 2.7117919513959223, 2.7117919513959223, 2.7117919513959223, 3.3907618330514926, 3.4565512802013982, 2.892081166633241, 10000, 2.386611323592765, 5.448131371446464, 4.563980017839549, 1.6251829483406606, 2.8665934750242044, 4.541107194912722, 2.5539402278034533, 3.8139369633486866, 1.9461224871182443, 1.897962076776752, 6.904090156106103, 2.9590010097720647, 6.997020647482437], [3.2469801551989947, 3.2469801551989947, 3.2469801551989947, 3.2469801551989947, 3.2469801551989947, 3.2469801551989947, 1.74090620688192, 4.134702230614017, 4.951896737365072, 2.386611323592765, 10000, 5.012111937081143, 5.532292924081051, 3.9843729277232645, 4.651747314472546, 3.072108154646396, 4.940444159534484, 3.633096956346059, 1.6356182022597276, 1.104266855232603, 5.807809257101066, 1.665464722444192, 5.435654054856529], [2.853062803773772, 2.853062803773772, 2.853062803773772, 2.853062803773772, 2.853062803773772, 2.853062803773772, 3.463225368595822, 2.558405371370775, 8.146145014596819, 5.448131371446464, 5.012111937081143, 10000, 3.0489145294089663, 6.553778564690369, 4.60053815459227, 2.5652477831920732, 6.89326449250942, 1.634622800957111, 3.7526497672241796, 5.883050243324073, 2.0366482771516616, 3.355315105668192, 3.135988545104406], [2.286258252502494, 2.286258252502494, 2.286258252502494, 2.286258252502494, 2.286258252502494, 2.286258252502494, 4.762722549429839, 1.4135590646120721, 6.508965555916536, 4.563980017839549, 5.532292924081051, 3.0489145294089663, 10000, 4.920485857642204, 2.250743667064033, 4.685477437226979, 4.8258180556915, 2.5226797965024543, 3.896677290171777, 5.918344301370183, 5.080020205984772, 4.341072197118019, 6.116410479340932], [3.7007159765502537, 3.7007159765502537, 3.7007159765502537, 3.7007159765502537, 3.7007159765502537, 3.7007159765502537, 4.976879911736769, 4.195519541492787, 1.6232912884478288, 1.6251829483406606, 3.9843729277232645, 6.553778564690369, 4.920485857642204, 10000, 2.7499149438099786, 6.051313215831672, 1.0354100963771788, 4.954414673579898, 3.4568123959228436, 3.3060935105829117, 8.219082826487643, 4.516790014003469, 8.470782661986245], [2.1638264166936545, 2.1638264166936545, 2.1638264166936545, 2.1638264166936545, 2.1638264166936545, 2.1638264166936545, 4.64247023381669, 2.046829817998033, 4.291422124217563, 2.8665934750242044, 4.651747314472546, 4.60053815459227, 2.250743667064033, 2.7499149438099786, 10000, 5.177408579521892, 2.575463728382324, 3.301116346256946, 3.2181490312099323, 4.62194609938791, 6.554170650502978, 4.1251316681498835, 7.2366849046238], [3.017034500589548, 3.017034500589548, 3.017034500589548, 3.017034500589548, 3.017034500589548, 3.017034500589548, 1.3350248870483945, 3.474764165199755, 7.4322436626580135, 4.541107194912722, 3.072108154646396, 2.5652477831920732, 4.685477437226979, 6.051313215831672, 5.177408579521892, 10000, 6.737794148533447, 2.166485419677896, 2.603332175121366, 4.14087221240555, 2.7574174016473503, 1.6095489156753124, 2.46724813838814], [4.09122210638574, 4.09122210638574, 4.09122210638574, 4.09122210638574, 4.09122210638574, 4.09122210638574, 5.769275867728755, 4.391974407044112, 1.888347996813187, 2.5539402278034533, 4.940444159534484, 6.89326449250942, 4.8258180556915, 1.0354100963771788, 2.575463728382324, 6.737794148533447, 10000, 5.3704280161556515, 4.20523285940866, 4.325669783428163, 8.693048782644503, 5.280715588660737, 9.091630862688245], [1.2793115441928986, 1.2793115441928986, 1.2793115441928986, 1.2793115441928986, 1.2793115441928986, 1.2793115441928986, 2.3964814369966314, 1.3620881071957003, 6.530752825655824, 3.8139369633486866, 3.633096956346059, 1.634622800957111, 2.5226797965024543, 4.954414673579898, 3.301116346256946, 2.166485419677896, 5.3704280161556515, 10000, 2.193504613858494, 4.3812243605268675, 3.3271997425801745, 2.091677823561113, 3.940490206719398], [1.6118380906647236, 1.6118380906647236, 1.6118380906647236, 1.6118380906647236, 1.6118380906647236, 1.6118380906647236, 1.5730798740480494, 2.5019189430015087, 4.8373907570675705, 1.9461224871182443, 1.6356182022597276, 3.7526497672241796, 3.896677290171777, 3.4568123959228436, 3.2181490312099323, 2.603332175121366, 4.20523285940866, 2.193504613858494, 10000, 2.1990629054115423, 5.0037052894324665, 1.0755022809076369, 5.051968102263058], [3.707855910397704, 3.707855910397704, 3.707855910397704, 3.707855910397704, 3.707855910397704, 3.707855910397704, 2.806279632051908, 4.592990986344139, 4.017941952024705, 1.897962076776752, 1.104266855232603, 5.883050243324073, 5.918344301370183, 3.3060935105829117, 4.62194609938791, 4.14087221240555, 4.325669783428163, 4.3812243605268675, 2.1990629054115423, 10000, 6.846295343322432, 2.6334967910090286, 6.53301825142741], [4.6037019829014465, 4.6037019829014465, 4.6037019829014465, 4.6037019829014465, 4.6037019829014465, 4.6037019829014465, 4.06870977335726, 4.51173503483299, 9.7461154614992, 6.904090156106103, 5.807809257101066, 2.0366482771516616, 5.080020205984772, 8.219082826487643, 6.554170650502978, 2.7574174016473503, 8.693048782644503, 3.3271997425801745, 5.0037052894324665, 6.846295343322432, 10000, 4.223556112517815, 1.4776873112194755], [2.1641821877839176, 2.1641821877839176, 2.1641821877839176, 2.1641821877839176, 2.1641821877839176, 2.1641821877839176, 0.5210403336823097, 2.9397366153369524, 5.841670733553244, 2.9590010097720647, 1.665464722444192, 3.355315105668192, 4.341072197118019, 4.516790014003469, 4.1251316681498835, 1.6095489156753124, 5.280715588660737, 2.091677823561113, 1.0755022809076369, 2.6334967910090286, 4.223556112517815, 10000, 4.076365965829072], [5.122134952737048, 5.122134952737048, 5.122134952737048, 5.122134952737048, 5.122134952737048, 5.122134952737048, 3.754377075597851, 5.274364530114965, 9.88901505036579, 6.997020647482437, 5.435654054856529, 3.135988545104406, 6.116410479340932, 8.470782661986245, 7.2366849046238, 2.46724813838814, 9.091630862688245, 3.940490206719398, 5.051968102263058, 6.53301825142741, 1.4776873112194755, 4.076365965829072, 10000]]\n",
      "Costos: [0.57, 0.233]\n",
      "Tipo de vehículo: [0, 1, 1]\n",
      "\n",
      "Distancias desde cada nodo hacia los 6 depósitos replicados (Haversine):\n",
      "    Dist_a_depot_0  Dist_a_depot_1  Dist_a_depot_2  Dist_a_depot_3  Dist_a_depot_4  Dist_a_depot_5\n",
      "6            2.646           2.646           2.646           2.646           2.646           2.646\n",
      "7            0.894           0.894           0.894           0.894           0.894           0.894\n",
      "8            5.297           5.297           5.297           5.297           5.297           5.297\n",
      "9            2.712           2.712           2.712           2.712           2.712           2.712\n",
      "10           3.247           3.247           3.247           3.247           3.247           3.247\n",
      "11           2.853           2.853           2.853           2.853           2.853           2.853\n",
      "12           2.286           2.286           2.286           2.286           2.286           2.286\n",
      "13           3.701           3.701           3.701           3.701           3.701           3.701\n",
      "14           2.164           2.164           2.164           2.164           2.164           2.164\n",
      "15           3.017           3.017           3.017           3.017           3.017           3.017\n",
      "16           4.091           4.091           4.091           4.091           4.091           4.091\n",
      "17           1.279           1.279           1.279           1.279           1.279           1.279\n",
      "18           1.612           1.612           1.612           1.612           1.612           1.612\n",
      "19           3.708           3.708           3.708           3.708           3.708           3.708\n",
      "20           4.604           4.604           4.604           4.604           4.604           4.604\n",
      "21           2.164           2.164           2.164           2.164           2.164           2.164\n",
      "22           5.122           5.122           5.122           5.122           5.122           5.122\n"
     ]
    }
   ],
   "source": [
    "depots = depots.rename(columns={\"LocationID\": \"id\"})\n",
    "# Leer el depósito original y replicarlo\n",
    "original_depot = depots.iloc[0]\n",
    "depot_replications = 6\n",
    "depot_list = []\n",
    "\n",
    "for i in range(depot_replications):\n",
    "    depot_list.append({\n",
    "        \"id\": i,\n",
    "        \"Longitude\": original_depot[\"Longitude\"],\n",
    "        \"Latitude\": original_depot[\"Latitude\"],\n",
    "        \"Demand\": 0\n",
    "    })\n",
    "\n",
    "depots_df = pd.DataFrame(depot_list)\n",
    "\n",
    "clients = clients.rename(columns={\"LocationID\": \"id\"})\n",
    "clients = clients.reset_index(drop=True)\n",
    "clients[\"id\"] = clients.index + depot_replications\n",
    "\n",
    "depots[\"id\"] = 0 \n",
    "depots[\"Demand\"] = 0\n",
    "\n",
    "depots = depots[[\"id\", \"Longitude\", \"Latitude\", \"Demand\"]]\n",
    "clients = clients[[\"id\", \"Longitude\", \"Latitude\", \"Demand\"]]\n",
    "\n",
    "nodes = pd.concat([depots_df, clients], ignore_index=True)\n",
    "\n",
    "N = nodes[\"id\"].tolist()\n",
    "V = vehicles[\"VehicleID\"].tolist()\n",
    "De = nodes.set_index(\"id\")[\"Demand\"].to_dict()\n",
    "C = clients[\"id\"].tolist()\n",
    "D = depots_df[\"id\"].tolist()\n",
    "\n",
    "lat_lon_list = [tuple(coord) for coord in nodes[[\"Latitude\", \"Longitude\"]].values.tolist()] # lista de tuplas con latitudes y longitudes ordenadas por id\n",
    "lon_lat_list = [(lon, lat) for lat, lon in lat_lon_list] # lista de tuplas con longitudes y latitudes ordenadas por id\n",
    "\n",
    "di_haversine = [\n",
    "    [10000 if i == j or (0 <= i <= 5 and 0 <= j <= 5) else haversine_distance(lat_lon_list[i], lat_lon_list[j])\n",
    "     for i in range(len(lat_lon_list))]\n",
    "    for j in range(len(lat_lon_list))\n",
    "]\n",
    "\n",
    "\n",
    "# la otra distancia se calcula con offset 30% más que el haversine\n",
    "\n",
    "di_street = [\n",
    "    [d * 1.3 for d in fila] for fila in di_haversine\n",
    "]\n",
    "\n",
    "di = [di_street, di_haversine] # matriz de distancias entre nodos, primero carro y luego dron\n",
    "\n",
    "costos = [0.57, 0.233] # costo por km carro y dron\n",
    "tipo = [0 if i == \"4x4\" else 1 for i in vehicles[\"Type\"].tolist()]\n",
    "\n",
    "depot = 0\n",
    "\n",
    "P = vehicles.set_index(\"VehicleID\")[\"Capacity\"].to_dict()\n",
    "M = vehicles.set_index(\"VehicleID\")[\"Range\"].to_dict()\n",
    "\n",
    "print(\"Nodos:\", N)\n",
    "print(\"Clientes:\", C)\n",
    "print(\"Vehículos:\", V)\n",
    "print(\"Capacidades:\", P)\n",
    "print(\"Alcances:\", M)\n",
    "print(\"Demanda:\", De)\n",
    "print(\"latlon\", lat_lon_list)\n",
    "print(\"Distancias haversine:\", di_haversine)\n",
    "print(\"Costos:\", costos)\n",
    "print(\"Tipo de vehículo:\", tipo)\n",
    "\n",
    "import pandas as pd\n",
    "\n",
    "# Crear una tabla con las distancias desde cada nodo hacia los depósitos replicados (0 a 5)\n",
    "dist_check_df = pd.DataFrame(columns=[f'Dist_a_depot_{d}' for d in range(6)], index=N)\n",
    "\n",
    "for i in N:\n",
    "    for d in range(6):\n",
    "        dist_check_df.loc[i, f'Dist_a_depot_{d}'] = di_haversine[i][d]\n",
    "\n",
    "# Convertir a float para formato\n",
    "dist_check_df = dist_check_df.astype(float)\n",
    "\n",
    "# Mostrar solo las filas que corresponden a clientes (u opcionalmente todos los nodos)\n",
    "print(\"\\nDistancias desde cada nodo hacia los 6 depósitos replicados (Haversine):\")\n",
    "print(dist_check_df.loc[C].to_string(float_format='%.3f'))  # muestra primeras 15 filas con 3 decimales\n",
    "\n"
   ]
  },
  {
   "cell_type": "markdown",
   "id": "6e0e391a",
   "metadata": {},
   "source": [
    "# Modelo"
   ]
  },
  {
   "cell_type": "code",
   "execution_count": 4,
   "id": "b1f4919c",
   "metadata": {},
   "outputs": [],
   "source": [
    "from pyomo.environ import *\n",
    "\n",
    "model = ConcreteModel()\n",
    "\n",
    "# Datos\n",
    "model.N = Set(initialize=N)                # Todos los nodos\n",
    "model.C = Set(initialize=C)                # Clientes\n",
    "model.V = Set(initialize=V)                # Vehículos\n",
    "model.D = Set(initialize=D)                # Depósitos\n",
    "model.depot = Param(initialize=depot)\n",
    "\n",
    "def tipo_init(model, k):\n",
    "    return tipo[k - 1]\n",
    "\n",
    "model.tipo = Param(model.V, initialize=tipo_init, within=Binary)\n",
    "\n",
    "# Distancias por tipo de transporte (0: 4x4, 1: dron)\n",
    "def dist_init(model, i, j, k):\n",
    "    tipo_k = model.tipo[k]\n",
    "    return di[tipo_k][i][j]\n",
    "model.d = Param(model.N, model.N, model.V, initialize=dist_init, within=NonNegativeReals)\n",
    "\n",
    "# Demanda, capacidad y máximo recorrido\n",
    "model.De = Param(model.N, initialize=De, within=NonNegativeReals, default=0)\n",
    "model.P = Param(model.V, initialize=P, within=NonNegativeReals)\n",
    "model.M = Param(model.V, initialize=M, within=NonNegativeReals)\n",
    "\n",
    "# Costos por tipo de vehículo\n",
    "def cost_init(model, i, j, k):\n",
    "    if i == j:\n",
    "        return 0\n",
    "    tipo_k = model.tipo[k]\n",
    "    return di[tipo_k][i][j] * costos[tipo_k]\n",
    "model.cost = Param(model.N, model.N, model.V, initialize=cost_init, within=NonNegativeReals, default=0)\n",
    "\n",
    "\n",
    "\n",
    "# Variables\n",
    "model.x = Var(model.N, model.N, model.V, domain=Binary)\n",
    "model.u = Var(model.N, model.V, within=NonNegativeIntegers, bounds=(1, len(N)))\n",
    "model.ve = Var(model.V, domain=Binary)\n",
    "model.W = Var(model.N, model.V, within=NonNegativeReals, bounds=(0, max(P.values())))\n",
    "\n",
    "\n",
    "# Función objetivo: minimizar costo total\n",
    "model.obj = Objective(\n",
    "    expr=sum(model.cost[i, j, k] * model.x[i, j, k] for k in model.V for i in model.N for j in model.N if i != j),\n",
    "    sense=minimize\n",
    ")\n",
    "\n",
    "# Restricciones\n",
    "model.visit_once = ConstraintList()\n",
    "for i in model.C:\n",
    "    model.visit_once.add(sum(model.x[i, j, k] for j in model.N for k in model.V if i != j) == 1)\n",
    "\n",
    "\n",
    "model.flows = ConstraintList()\n",
    "for k in model.V:\n",
    "    model.flows.add(sum(model.x[d, j, k] for d in model.D for j in model.N if j != d) <= 6)\n",
    "    model.flows.add(sum(model.x[j, d, k] for d in model.D for j in model.N if j != d) <= 6)\n",
    "\n",
    "\n",
    "# model.start_node = ConstraintList()\n",
    "# for k in model.V:\n",
    "#     model.start_node.add(sum(model.x[model.depot, j, k] for j in model.N if j != model.depot) == model.ve[k])\n",
    "\n",
    "# model.end_node = ConstraintList()\n",
    "# for k in model.V:\n",
    "#     model.end_node.add(sum(model.x[j, model.depot, k] for j in model.N if j != model.depot) == model.ve[k])\n",
    "\n",
    "model.flow = ConstraintList()\n",
    "for k in model.V:\n",
    "    for i in model.C:\n",
    "        model.flow.add(\n",
    "            sum(model.x[i, j, k] for j in model.N if i != j) ==\n",
    "            sum(model.x[j, i, k] for j in model.N if i != j)\n",
    "        )\n",
    "\n",
    "model.mtz = ConstraintList()\n",
    "for k in model.V:\n",
    "    for i in model.C:\n",
    "        for j in model.C:\n",
    "            if i != j:\n",
    "                model.mtz.add(model.u[i, k] - model.u[j, k] + len(N) * model.x[i, j, k] <= len(N) - 1)\n",
    "\n",
    "# model.Carga = ConstraintList()\n",
    "# for k in model.V:\n",
    "#     expr = sum(model.x[i, j, k] * model.De[j] for i in model.N for j in model.N if i != j)\n",
    "#     model.Carga.add(expr <= model.P[k])\n",
    "\n",
    "# model.Distancia = ConstraintList()\n",
    "# for k in model.V:\n",
    "#     expr = sum(model.x[i, j, k] * model.d[i, j, k] for i in model.N for j in model.N if i != j)\n",
    "#     model.Distancia.add(expr <= model.M[k])\n",
    "    \n",
    "model.update_carga = ConstraintList()\n",
    "for k in model.V:\n",
    "    for i in model.N:\n",
    "        for j in model.N:\n",
    "            if i != j:\n",
    "                if j in C:\n",
    "                    model.update_carga.add(\n",
    "                        model.W[j, k] <= model.W[i, k] - model.De[j] + (1 - model.x[i, j, k]) * 100000\n",
    "                    )\n",
    "                    model.update_carga.add(\n",
    "                        model.W[j, k] >= model.W[i, k] - model.De[j] - (1 - model.x[i, j, k]) * 100000\n",
    "                    )\n",
    "                elif j in D:\n",
    "                    model.update_carga.add(\n",
    "                        model.W[j, k] <= model.P[k] + (1 - model.x[i, j, k]) * max(P.values())\n",
    "                        \n",
    "                    )\n",
    "                    model.update_carga.add(\n",
    "                        model.W[j, k] >= model.P[k] - (1 - model.x[i, j, k]) * max(P.values())\n",
    "                        \n",
    "                    )\n",
    "\n",
    "\n",
    "model.demanda_una_vez = ConstraintList()\n",
    "for j in model.C:\n",
    "    model.demanda_una_vez.add(\n",
    "        sum(model.x[i, j, k] for k in model.V for i in model.N if i != j) == 1\n",
    "    )\n",
    "\n",
    "        \n",
    "        \n",
    "model.entrega_con_carga = ConstraintList()\n",
    "for k in model.V:\n",
    "    for i in model.N:\n",
    "        for j in model.C:\n",
    "            if i != j:\n",
    "                model.entrega_con_carga.add(\n",
    "                    model.W[j, k] >= model.x[i, j, k] * model.De[j]\n",
    "                )\n",
    "\n",
    "model.inicio_carga = ConstraintList()\n",
    "for k in model.V:\n",
    "    for d in model.D:\n",
    "        model.inicio_carga.add(\n",
    "            model.W[d, k] == model.P[k]\n",
    "        )\n",
    "        \n",
    "# model.respeta_carga = ConstraintList()\n",
    "# for k in model.V:\n",
    "#     model.respeta_carga.add(\n",
    "#         sum(model.x[i, j, k] * model.De[j] for i in N for j in C) <= \n",
    "#         (sum(model.x[i, j, k] for i in N for j in D if i != j) - 1) * model.P[k]\n",
    "#     )\n",
    "\n",
    "model.carga_max = ConstraintList()\n",
    "for k in model.V:\n",
    "    for i in model.N:\n",
    "        model.carga_max.add(\n",
    "            model.W[i, k] <= model.P[k]\n",
    "        )\n",
    "\n"
   ]
  },
  {
   "cell_type": "code",
   "execution_count": 23,
   "id": "7d211372",
   "metadata": {},
   "outputs": [
    {
     "name": "stdout",
     "output_type": "stream",
     "text": [
      "Read LP format model from file C:\\Users\\esteb\\AppData\\Local\\Temp\\tmp1js098li.pyomo.lp\n",
      "Reading time = 0.03 seconds\n",
      "x1: 5152 rows, 1638 columns, 18375 nonzeros\n",
      "Set parameter TimeLimit to value 300\n",
      "Set parameter MIPGap to value 0.01\n",
      "Set parameter Threads to value 4\n",
      "Set parameter Presolve to value 2\n",
      "Set parameter Cuts to value 2\n",
      "Set parameter Heuristics to value 0.5\n",
      "Gurobi Optimizer version 12.0.1 build v12.0.1rc0 (win64 - Windows 11.0 (26100.2))\n",
      "\n",
      "CPU model: AMD Ryzen 9 5900HS with Radeon Graphics, instruction set [SSE2|AVX|AVX2]\n",
      "Thread count: 8 physical cores, 16 logical processors, using up to 4 threads\n",
      "\n",
      "Non-default parameters:\n",
      "TimeLimit  300\n",
      "MIPGap  0.01\n",
      "Heuristics  0.5\n",
      "Cuts  2\n",
      "Presolve  2\n",
      "Threads  4\n",
      "\n",
      "Optimize a model with 5152 rows, 1638 columns and 18375 nonzeros\n",
      "Model fingerprint: 0xee85f842\n",
      "Variable types: 69 continuous, 1569 integer (1518 binary)\n",
      "Coefficient statistics:\n",
      "  Matrix range     [1e+00, 1e+05]\n",
      "  Objective range  [1e-01, 7e+03]\n",
      "  Bounds range     [1e+00, 2e+02]\n",
      "  RHS range        [1e+00, 1e+05]\n",
      "Presolve removed 4071 rows and 1188 columns\n",
      "Presolve time: 0.12s\n",
      "Presolved: 1081 rows, 450 columns, 12728 nonzeros\n",
      "Variable types: 33 continuous, 417 integer (386 binary)\n",
      "Found heuristic solution: objective 42.1409332\n",
      "Root relaxation presolve removed 8 rows and 0 columns\n",
      "Root relaxation presolved: 1073 rows, 450 columns, 12458 nonzeros\n",
      "\n",
      "\n",
      "Root relaxation: objective 1.575206e+01, 109 iterations, 0.02 seconds (0.02 work units)\n",
      "\n",
      "    Nodes    |    Current Node    |     Objective Bounds      |     Work\n",
      " Expl Unexpl |  Obj  Depth IntInf | Incumbent    BestBd   Gap | It/Node Time\n",
      "\n",
      "     0     0   15.75206    0   43   42.14093   15.75206  62.6%     -    0s\n",
      "H    0     0                      28.7957637   15.75206  45.3%     -    0s\n",
      "H    0     0                      25.9447956   15.75206  39.3%     -    0s\n",
      "     0     0   18.12355    0   39   25.94480   18.12355  30.1%     -    0s\n",
      "     0     0   18.19273    0   40   25.94480   18.19273  29.9%     -    0s\n",
      "H    0     0                      24.4295925   18.19273  25.5%     -    0s\n",
      "     0     0   18.24875    0   38   24.42959   18.24875  25.3%     -    0s\n",
      "     0     0   18.24875    0   39   24.42959   18.24875  25.3%     -    0s\n",
      "H    0     0                      24.1670696   18.24875  24.5%     -    0s\n",
      "     0     0   18.28875    0   63   24.16707   18.28875  24.3%     -    0s\n",
      "     0     0   18.29245    0   68   24.16707   18.29245  24.3%     -    0s\n",
      "H    0     0                      23.9733338   18.29245  23.7%     -    0s\n",
      "     0     0   18.67663    0   72   23.97333   18.67663  22.1%     -    0s\n",
      "     0     0   18.77907    0   73   23.97333   18.77907  21.7%     -    0s\n",
      "H    0     0                      23.3409139   18.77907  19.5%     -    0s\n",
      "     0     0   18.94991    0   72   23.34091   18.94991  18.8%     -    0s\n",
      "     0     0   18.95647    0   72   23.34091   18.95647  18.8%     -    0s\n",
      "H    0     0                      22.9774575   18.95647  17.5%     -    0s\n",
      "     0     0   19.25197    0   61   22.97746   19.25197  16.2%     -    0s\n",
      "     0     0   19.29238    0   70   22.97746   19.29238  16.0%     -    1s\n",
      "     0     0   19.29238    0   70   22.97746   19.29238  16.0%     -    1s\n",
      "     0     0   19.47024    0   84   22.97746   19.47024  15.3%     -    1s\n",
      "     0     0   19.50749    0   84   22.97746   19.50749  15.1%     -    1s\n",
      "     0     0   19.51572    0   83   22.97746   19.51572  15.1%     -    1s\n",
      "     0     0   19.52057    0   86   22.97746   19.52057  15.0%     -    1s\n",
      "     0     0   19.52057    0   86   22.97746   19.52057  15.0%     -    1s\n",
      "     0     0   19.61091    0   60   22.97746   19.61091  14.7%     -    1s\n",
      "     0     0   19.64568    0   43   22.97746   19.64568  14.5%     -    1s\n",
      "     0     0   19.65719    0   85   22.97746   19.65719  14.5%     -    1s\n",
      "     0     0   19.66147    0   39   22.97746   19.66147  14.4%     -    1s\n",
      "     0     0   19.66147    0   37   22.97746   19.66147  14.4%     -    1s\n",
      "     0     0   19.66147    0   35   22.97746   19.66147  14.4%     -    1s\n",
      "     0     0   19.66147    0   37   22.97746   19.66147  14.4%     -    1s\n",
      "     0     0   19.66194    0   88   22.97746   19.66194  14.4%     -    1s\n",
      "     0     0   19.66202    0   92   22.97746   19.66202  14.4%     -    1s\n",
      "     0     0   19.66208    0   92   22.97746   19.66208  14.4%     -    1s\n",
      "     0     0   19.66210    0   85   22.97746   19.66210  14.4%     -    1s\n",
      "     0     2   19.66212    0   80   22.97746   19.66212  14.4%     -    1s\n",
      "H  513   368                      22.5901501   19.91730  11.8%  16.2    3s\n",
      "  1857   890   20.97400   18   44   22.59015   20.43820  9.53%  16.4    5s\n",
      "  3510  1046   21.55837   29   38   22.59015   20.75205  8.14%  16.5   10s\n",
      " 10073  1364   22.39355   31   48   22.59015   21.46357  4.99%  15.2   15s\n",
      " 14453    98 infeasible   33        22.59015   22.10650  2.14%  15.6   20s\n",
      "\n",
      "Cutting planes:\n",
      "  Learned: 7\n",
      "  Gomory: 27\n",
      "  Lift-and-project: 4\n",
      "  Cover: 29\n",
      "  Implied bound: 64\n",
      "  Projected implied bound: 10\n",
      "  MIR: 30\n",
      "  Mixing: 2\n",
      "  StrongCG: 10\n",
      "  Flow cover: 189\n",
      "  GUB cover: 1\n",
      "  Inf proof: 1\n",
      "  Zero half: 18\n",
      "  RLT: 39\n",
      "  Relax-and-lift: 26\n",
      "\n",
      "Explored 14828 nodes (231639 simplex iterations) in 20.01 seconds (26.69 work units)\n",
      "Thread count was 4 (of 16 available processors)\n",
      "\n",
      "Solution count 9: 22.5902 22.9775 23.3409 ... 42.1409\n",
      "\n",
      "Optimal solution found (tolerance 1.00e-02)\n",
      "Best objective 2.259015013819e+01, best bound 2.238101891274e+01, gap 0.9258%\n",
      "Model unknown\n",
      "\n",
      "  Variables:\n",
      "    x : Size=1587, Index=N*N*V\n",
      "        Key         : Lower : Value : Upper : Fixed : Stale : Domain\n",
      "          (0, 0, 1) :     0 :  None :     1 : False :  True : Binary\n",
      "          (0, 0, 2) :     0 :  None :     1 : False :  True : Binary\n",
      "          (0, 0, 3) :     0 :  None :     1 : False :  True : Binary\n",
      "          (0, 1, 1) :     0 :   0.0 :     1 : False : False : Binary\n",
      "          (0, 1, 2) :     0 :   0.0 :     1 : False : False : Binary\n",
      "          (0, 1, 3) :     0 :   0.0 :     1 : False : False : Binary\n",
      "          (0, 2, 1) :     0 :   0.0 :     1 : False : False : Binary\n",
      "          (0, 2, 2) :     0 :   0.0 :     1 : False : False : Binary\n",
      "          (0, 2, 3) :     0 :   0.0 :     1 : False : False : Binary\n",
      "          (0, 3, 1) :     0 :   0.0 :     1 : False : False : Binary\n",
      "          (0, 3, 2) :     0 :   0.0 :     1 : False : False : Binary\n",
      "          (0, 3, 3) :     0 :   0.0 :     1 : False : False : Binary\n",
      "          (0, 4, 1) :     0 :   0.0 :     1 : False : False : Binary\n",
      "          (0, 4, 2) :     0 :   0.0 :     1 : False : False : Binary\n",
      "          (0, 4, 3) :     0 :   0.0 :     1 : False : False : Binary\n",
      "          (0, 5, 1) :     0 :   0.0 :     1 : False : False : Binary\n",
      "          (0, 5, 2) :     0 :   0.0 :     1 : False : False : Binary\n",
      "          (0, 5, 3) :     0 :   0.0 :     1 : False : False : Binary\n",
      "          (0, 6, 1) :     0 :   0.0 :     1 : False : False : Binary\n",
      "          (0, 6, 2) :     0 :   0.0 :     1 : False : False : Binary\n",
      "          (0, 6, 3) :     0 :   0.0 :     1 : False : False : Binary\n",
      "          (0, 7, 1) :     0 :   0.0 :     1 : False : False : Binary\n",
      "          (0, 7, 2) :     0 :  -0.0 :     1 : False : False : Binary\n",
      "          (0, 7, 3) :     0 :   0.0 :     1 : False : False : Binary\n",
      "          (0, 8, 1) :     0 :   0.0 :     1 : False : False : Binary\n",
      "          (0, 8, 2) :     0 :   0.0 :     1 : False : False : Binary\n",
      "          (0, 8, 3) :     0 :   0.0 :     1 : False : False : Binary\n",
      "          (0, 9, 1) :     0 :   0.0 :     1 : False : False : Binary\n",
      "          (0, 9, 2) :     0 :   0.0 :     1 : False : False : Binary\n",
      "          (0, 9, 3) :     0 :   0.0 :     1 : False : False : Binary\n",
      "         (0, 10, 1) :     0 :   0.0 :     1 : False : False : Binary\n",
      "         (0, 10, 2) :     0 :   0.0 :     1 : False : False : Binary\n",
      "         (0, 10, 3) :     0 :   0.0 :     1 : False : False : Binary\n",
      "         (0, 11, 1) :     0 :  -0.0 :     1 : False : False : Binary\n",
      "         (0, 11, 2) :     0 :   0.0 :     1 : False : False : Binary\n",
      "         (0, 11, 3) :     0 :  -0.0 :     1 : False : False : Binary\n",
      "         (0, 12, 1) :     0 :  -0.0 :     1 : False : False : Binary\n",
      "         (0, 12, 2) :     0 :   0.0 :     1 : False : False : Binary\n",
      "         (0, 12, 3) :     0 :   0.0 :     1 : False : False : Binary\n",
      "         (0, 13, 1) :     0 :   0.0 :     1 : False : False : Binary\n",
      "         (0, 13, 2) :     0 :   0.0 :     1 : False : False : Binary\n",
      "         (0, 13, 3) :     0 :   0.0 :     1 : False : False : Binary\n",
      "         (0, 14, 1) :     0 :   0.0 :     1 : False : False : Binary\n",
      "         (0, 14, 2) :     0 :  -0.0 :     1 : False : False : Binary\n",
      "         (0, 14, 3) :     0 :  -0.0 :     1 : False : False : Binary\n",
      "         (0, 15, 1) :     0 :   0.0 :     1 : False : False : Binary\n",
      "         (0, 15, 2) :     0 :  -0.0 :     1 : False : False : Binary\n",
      "         (0, 15, 3) :     0 :   0.0 :     1 : False : False : Binary\n",
      "         (0, 16, 1) :     0 :   0.0 :     1 : False : False : Binary\n",
      "         (0, 16, 2) :     0 :  -0.0 :     1 : False : False : Binary\n",
      "         (0, 16, 3) :     0 :   0.0 :     1 : False : False : Binary\n",
      "         (0, 17, 1) :     0 :   0.0 :     1 : False : False : Binary\n",
      "         (0, 17, 2) :     0 :   0.0 :     1 : False : False : Binary\n",
      "         (0, 17, 3) :     0 :   0.0 :     1 : False : False : Binary\n",
      "         (0, 18, 1) :     0 :   0.0 :     1 : False : False : Binary\n",
      "         (0, 18, 2) :     0 :   0.0 :     1 : False : False : Binary\n",
      "         (0, 18, 3) :     0 :   0.0 :     1 : False : False : Binary\n",
      "         (0, 19, 1) :     0 :   0.0 :     1 : False : False : Binary\n",
      "         (0, 19, 2) :     0 :   0.0 :     1 : False : False : Binary\n",
      "         (0, 19, 3) :     0 :   0.0 :     1 : False : False : Binary\n",
      "         (0, 20, 1) :     0 :   0.0 :     1 : False : False : Binary\n",
      "         (0, 20, 2) :     0 :   0.0 :     1 : False : False : Binary\n",
      "         (0, 20, 3) :     0 :   0.0 :     1 : False : False : Binary\n",
      "         (0, 21, 1) :     0 :   1.0 :     1 : False : False : Binary\n",
      "         (0, 21, 2) :     0 :   0.0 :     1 : False : False : Binary\n",
      "         (0, 21, 3) :     0 :   0.0 :     1 : False : False : Binary\n",
      "         (0, 22, 1) :     0 :  -0.0 :     1 : False : False : Binary\n",
      "         (0, 22, 2) :     0 :   0.0 :     1 : False : False : Binary\n",
      "         (0, 22, 3) :     0 :   0.0 :     1 : False : False : Binary\n",
      "          (1, 0, 1) :     0 :   0.0 :     1 : False : False : Binary\n",
      "          (1, 0, 2) :     0 :   0.0 :     1 : False : False : Binary\n",
      "          (1, 0, 3) :     0 :   0.0 :     1 : False : False : Binary\n",
      "          (1, 1, 1) :     0 :  None :     1 : False :  True : Binary\n",
      "          (1, 1, 2) :     0 :  None :     1 : False :  True : Binary\n",
      "          (1, 1, 3) :     0 :  None :     1 : False :  True : Binary\n",
      "          (1, 2, 1) :     0 :   0.0 :     1 : False : False : Binary\n",
      "          (1, 2, 2) :     0 :   0.0 :     1 : False : False : Binary\n",
      "          (1, 2, 3) :     0 :   0.0 :     1 : False : False : Binary\n",
      "          (1, 3, 1) :     0 :   0.0 :     1 : False : False : Binary\n",
      "          (1, 3, 2) :     0 :   0.0 :     1 : False : False : Binary\n",
      "          (1, 3, 3) :     0 :   0.0 :     1 : False : False : Binary\n",
      "          (1, 4, 1) :     0 :   0.0 :     1 : False : False : Binary\n",
      "          (1, 4, 2) :     0 :   0.0 :     1 : False : False : Binary\n",
      "          (1, 4, 3) :     0 :   0.0 :     1 : False : False : Binary\n",
      "          (1, 5, 1) :     0 :   0.0 :     1 : False : False : Binary\n",
